#img odx_0 ody_0 odx_1 ody_1 fx_0 fy_0 fx_1 fy_1 
18059_left.jpg 562 436 689 566 229 382 396 553
31397_right.jpg 610 356 745 485 284 405 400 526
21278_left.jpg 33 324 177 476 392 389 525 527
11243_right.jpg 225 377 343 489 529 367 646 491
18451_right.jpg 222 419 348 543 536 381 656 504
21540_left.jpg 228 380 352 506 548 422 670 551
13684_left.jpg 192 384 310 507 514 408 631 527
24780_right.jpg 768 313 890 453 402 326 548 481
27402_right.jpg 189 406 336 546 536 378 650 497
37773_right.jpg 774 399 887 530 401 405 530 539
24400_right.jpg 231 428 349 547 533 378 654 504
22749_right.jpg 231 397 356 523 544 373 662 501
20760_right.jpg 560 333 691 458 296 418 417 542
5868_right.jpg 169 411 294 541 486 347 632 493
14110_right.jpg 213 403 332 526 516 369 637 492
38499_right.jpg 218 401 347 535 547 390 663 510
4252_right.jpg 107 408 218 531 398 356 551 514
17338_left.jpg 535 447 648 568 257 385 369 498
14510_left.jpg 646 503 767 629 322 436 447 570
12331_right.jpg 625 300 755 433 278 364 401 499
5657_right.jpg 532 362 661 496 235 405 346 519
22712_right.jpg 226 410 329 522 533 370 654 492
11249_right.jpg 191 381 312 497 526 377 646 500
19347_right.jpg 531 361 668 524 215 399 341 523
13819_right.jpg 586 324 722 463 223 408 352 540
33811_right.jpg 226 410 345 524 519 387 670 556
29069_left.jpg 180 313 306 441 550 407 668 525
25720_left.jpg 538 435 654 547 247 369 362 487
18570_left.jpg 199 342 319 464 496 409 611 524
28434_left.jpg 161 293 299 425 475 384 615 534
5149_right.jpg 218 414 329 530 544 377 659 498
14269_right.jpg 219 383 345 507 534 376 648 493
14894_right.jpg 119 410 237 530 422 365 548 492
4970_right.jpg 91 474 217 603 387 438 512 567
11535_left.jpg 122 323 277 469 504 402 626 523
10397_right.jpg 532 318 654 450 234 404 344 522
43475_right.jpg 592 368 720 494 294 403 413 525
27677_right.jpg 222 422 343 550 537 370 654 490
32012_left.jpg 230 390 351 514 550 423 669 542
28582_left.jpg 162 352 292 489 543 422 660 541
22749_left.jpg 521 428 649 559 233 376 351 501
38595_right.jpg 733 343 825 454 363 390 527 553
10866_right.jpg 582 386 695 505 252 401 366 519
20286_left.jpg 147 355 252 466 477 418 596 542
11661_left.jpg 179 339 308 464 546 421 679 555
26728_left.jpg 197 373 331 501 561 420 677 541
34261_right.jpg 568 344 704 486 231 411 345 524
12344_left.jpg 726 456 828 571 408 469 548 615
16726_right.jpg 605 384 717 503 298 413 419 535
19114_left.jpg 562 431 692 562 242 390 362 513
18848_left.jpg 11 440 123 567 349 507 467 623
25059_right.jpg 586 367 713 509 268 387 388 507
31309_left.jpg 168 392 272 507 502 416 619 533
29810_right.jpg 202 402 339 536 541 368 658 488
27099_left.jpg 107 375 271 525 230 382 394 549
20175_right.jpg 215 388 346 509 539 374 657 499
16666_left.jpg 155 356 290 493 524 418 651 547
9990_right.jpg 608 365 752 498 251 367 390 516
29494_left.jpg 253 376 378 498 554 422 672 545
33580_left.jpg 398 367 552 499 752 407 871 536
3320_left.jpg 582 398 727 539 269 378 409 520
9620_left.jpg 159 393 300 528 506 401 633 532
24688_left.jpg 30 362 134 489 338 422 460 546
7512_right.jpg 182 440 329 578 527 377 645 502
15914_right.jpg 190 424 306 547 540 381 655 502
20020_right.jpg 711 363 816 479 367 402 490 532
4019_left.jpg 195 362 319 495 546 415 671 538
2804_left.jpg 576 411 718 551 259 367 377 494
24104_left.jpg 741 360 856 481 429 308 560 448
13585_right.jpg 570 400 705 528 252 410 367 528
21444_left.jpg 487 412 611 541 246 384 370 514
3860_left.jpg 155 324 295 455 505 367 629 495
11031_right.jpg 775 353 886 485 429 417 561 556
43536_left.jpg 526 430 655 566 211 420 329 538
1420_right.jpg 242 414 365 527 561 385 683 513
21536_left.jpg 204 374 334 507 571 423 685 544
30290_left.jpg 210 335 325 458 539 415 658 531
21337_right.jpg 700 345 824 474 355 381 485 519
27867_right.jpg 307 399 422 516 628 360 747 479
34379_right.jpg 592 363 723 502 241 412 353 526
23431_right.jpg 83 338 209 467 401 382 522 507
25224_right.jpg 630 392 759 524 305 424 432 550
18656_right.jpg 204 403 339 527 541 371 667 499
13768_right.jpg 204 384 338 514 531 359 652 479
15695_right.jpg 598 315 736 453 290 410 409 528
11549_right.jpg 721 325 827 443 362 361 487 492
3489_right.jpg 586 357 726 495 224 405 353 541
22193_right.jpg 553 364 686 490 220 399 332 514
26134_right.jpg 23 464 141 591 332 418 453 539
13279_right.jpg 192 436 307 547 488 367 627 506
3096_left.jpg 215 385 331 507 568 421 684 538
39552_left.jpg 156 288 288 421 488 365 610 489
26857_left.jpg 595 414 722 540 257 371 383 502
9855_left.jpg 576 413 674 525 263 370 378 486
30717_right.jpg 216 387 341 513 531 373 648 493
2412_right.jpg 558 528 669 654 202 451 324 577
5032_left.jpg 535 394 660 529 233 360 354 485
36445_right.jpg 705 321 825 450 381 386 500 504
34161_left.jpg 652 436 757 556 373 394 496 518
13267_left.jpg 219 360 336 484 533 402 657 527
15031_right.jpg 592 368 731 507 227 406 351 533
21565_left.jpg 559 389 685 523 242 368 379 510
29618_left.jpg 180 350 311 476 532 422 652 543
32686_left.jpg 259 381 371 499 564 426 691 553
15938_left.jpg 267 386 380 512 554 433 679 559
13418_left.jpg 583 427 701 558 250 359 372 482
17044_left.jpg 73 397 194 522 418 442 535 559
43681_right.jpg 555 383 699 514 222 398 342 526
38247_left.jpg 225 375 346 499 538 409 659 533
25473_left.jpg 556 462 679 588 239 372 359 495
29872_left.jpg 552 435 669 564 253 392 369 509
12743_right.jpg 580 370 710 503 238 417 352 534
1309_left.jpg 149 318 286 452 516 373 642 500
14809_left.jpg 557 412 678 537 240 367 359 489
36360_left.jpg 228 367 352 493 557 430 676 548
250_left.jpg 55 341 177 471 375 409 493 535
20478_left.jpg 552 428 659 535 264 365 383 494
37829_left.jpg 65 343 181 473 371 381 517 526
43339_left.jpg 555 412 671 523 199 268 354 428
31273_left.jpg 555 436 685 569 257 377 369 494
40015_left.jpg 593 443 707 563 276 367 404 499
41927_left.jpg 162 373 309 520 512 420 627 536
38512_left.jpg 195 333 328 467 514 404 632 520
21233_left.jpg 188 416 313 543 505 403 628 535
20361_left.jpg 188 351 309 469 504 392 629 518
5795_right.jpg 663 368 791 500 367 433 490 556
36347_right.jpg 647 375 775 504 302 406 417 521
20328_left.jpg 576 435 709 556 263 379 378 497
42336_right.jpg 216 386 336 504 523 372 643 491
12514_right.jpg 83 401 205 519 408 371 529 498
36692_left.jpg 153 359 286 489 508 411 621 526
27587_left.jpg 563 442 672 565 256 363 385 501
25939_right.jpg 198 440 325 565 532 385 654 510
12545_left.jpg 67 311 173 430 367 396 489 520
34816_left.jpg 576 451 701 568 255 390 377 518
11729_left.jpg 621 340 740 464 301 291 432 423
31979_right.jpg 54 404 182 526 359 361 482 486
15185_right.jpg 229 396 337 507 534 369 649 485
24058_left.jpg 538 401 667 523 275 311 419 456
9503_left.jpg 172 371 300 494 510 409 631 538
7060_right.jpg 598 380 720 507 276 438 399 566
2001_left.jpg 573 404 694 532 287 385 404 503
38137_right.jpg 629 324 761 455 284 386 403 503
41780_right.jpg 18 392 139 523 325 359 473 507
2901_right.jpg 180 407 317 542 530 386 649 506
20292_left.jpg 209 382 324 503 541 407 655 522
24166_right.jpg 619 444 783 595 284 514 402 629
1941_right.jpg 617 353 755 486 315 392 466 548
11206_left.jpg 153 326 285 459 503 415 625 540
11962_right.jpg 200 400 342 530 548 372 671 500
34462_right.jpg 850 349 895 471 531 367 654 497
5950_left.jpg 625 418 738 547 255 344 393 493
945_right.jpg 222 411 338 534 531 363 656 490
28368_left.jpg 17 334 137 465 399 378 520 497
12929_left.jpg 195 364 323 498 543 423 658 542
30496_left.jpg 210 370 322 483 564 416 679 534
10572_left.jpg 1 415 73 540 312 349 431 474
28369_right.jpg 769 221 871 344 371 265 505 405
24349_left.jpg 547 410 665 536 253 382 368 500
33457_right.jpg 574 335 711 461 236 412 355 534
24921_right.jpg 744 376 861 503 395 398 528 532
14703_right.jpg 245 447 367 562 530 359 695 530
4396_left.jpg 690 397 798 519 352 373 472 495
30889_left.jpg 590 424 699 545 269 396 380 511
23480_right.jpg 214 442 332 562 534 373 650 489
23509_left.jpg 559 435 708 571 239 379 356 497
3220_right.jpg 208 430 330 555 532 378 664 513
21513_left.jpg 43 371 164 495 359 406 510 563
5261_left.jpg 51 366 163 489 364 406 501 545
5660_left.jpg 168 301 295 436 533 400 660 525
7306_right.jpg 736 383 855 497 393 420 516 544
34831_left.jpg 574 451 705 572 335 425 453 548
24589_right.jpg 226 391 344 514 541 367 664 494
13002_left.jpg 65 399 177 520 418 469 534 584
32987_left.jpg 563 431 693 564 258 387 375 506
30301_left.jpg 178 357 308 481 538 409 653 523
28721_left.jpg 558 363 686 486 258 339 380 462
25708_right.jpg 137 425 236 536 436 376 558 504
1139_left.jpg 658 416 776 538 339 376 461 495
20469_left.jpg 644 374 760 496 329 320 466 463
1471_right.jpg 599 314 716 441 289 395 412 523
14312_right.jpg 719 359 832 495 374 389 503 520
35185_right.jpg 180 405 310 528 543 378 661 501
11983_left.jpg 557 428 692 555 255 376 366 489
36305_right.jpg 202 403 320 529 537 376 653 493
37117_left.jpg 209 309 369 456 575 320 741 492
5298_right.jpg 203 409 342 545 531 366 656 495
11770_left.jpg 548 447 678 573 244 361 364 488
14205_right.jpg 220 384 338 499 545 368 661 487
28129_right.jpg 593 357 733 491 280 406 401 530
30798_right.jpg 200 423 312 533 538 366 657 487
16732_left.jpg 306 358 429 487 640 422 764 549
13267_right.jpg 551 355 670 483 235 405 356 528
1815_left.jpg 616 228 741 361 235 239 348 362
9690_right.jpg 207 434 325 554 525 359 646 481
12831_right.jpg 641 319 771 461 298 378 426 511
20119_left.jpg 583 437 691 555 279 390 393 505
26168_right.jpg 581 365 702 486 232 418 344 532
11847_left.jpg 156 269 291 402 488 385 619 519
6465_left.jpg 196 367 307 480 530 409 655 535
30925_left.jpg 187 341 323 473 553 396 683 529
18255_right.jpg 198 398 327 523 537 361 656 483
33152_right.jpg 788 367 895 493 442 399 561 519
13175_left.jpg 201 326 333 448 531 397 654 520
12810_right.jpg 208 381 318 496 534 358 655 485
17396_left.jpg 52 310 165 437 351 349 503 508
7623_right.jpg 558 390 680 514 237 430 357 550
17873_right.jpg 24 383 135 517 343 372 486 520
20003_left.jpg 575 397 704 536 244 369 362 494
19441_left.jpg 704 413 821 539 359 374 478 498
26905_left.jpg 221 352 353 486 545 405 670 530
36729_left.jpg 46 377 157 499 356 410 488 543
23203_left.jpg 12 353 155 482 383 397 519 541
16748_left.jpg 509 371 637 493 245 386 365 511
5043_right.jpg 89 342 194 451 359 273 482 401
11915_left.jpg 198 375 307 489 534 412 654 535
21635_left.jpg 573 422 691 537 253 369 368 486
27260_left.jpg 412 345 530 457 744 394 868 531
11821_left.jpg 544 389 673 524 242 372 371 504
15639_left.jpg 643 373 763 500 304 355 421 479
15631_right.jpg 564 348 686 478 235 403 371 544
14929_left.jpg 44 418 180 551 394 450 510 573
26881_right.jpg 741 371 860 499 402 412 524 545
32610_left.jpg 561 426 684 549 241 383 359 499
32339_left.jpg 467 440 594 561 146 375 286 515
1532_left.jpg 562 389 677 504 252 361 374 486
12614_left.jpg 33 328 161 462 390 397 503 514
35161_left.jpg 574 408 697 540 237 380 353 502
3648_right.jpg 653 353 796 494 285 411 401 529
39290_left.jpg 166 382 297 515 497 414 611 535
13450_left.jpg 584 421 711 544 258 412 393 553
16036_left.jpg 199 357 329 482 467 375 622 535
6502_right.jpg 196 409 337 546 542 373 657 491
32000_left.jpg 605 425 719 546 258 382 386 509
25820_right.jpg 556 356 684 483 238 406 357 524
13768_left.jpg 555 409 675 534 241 377 372 503
25576_left.jpg 220 365 340 487 542 408 674 544
18633_left.jpg 173 344 296 473 541 400 658 515
22269_left.jpg 203 332 321 453 498 376 624 502
6824_right.jpg 624 373 741 500 299 419 415 537
17840_right.jpg 781 378 888 506 436 411 552 528
3265_right.jpg 595 359 710 478 239 419 353 533
19990_left.jpg 0 326 90 448 271 381 401 514
40691_right.jpg 601 364 722 497 273 394 392 515
29936_right.jpg 589 364 711 494 246 429 371 553
14917_right.jpg 563 378 686 501 228 416 349 540
10091_right.jpg 736 368 856 498 414 398 527 516
383_left.jpg 558 415 682 549 243 388 360 507
3308_left.jpg 219 403 334 528 508 427 641 556
10234_left.jpg 60 298 175 422 397 381 515 509
29703_right.jpg 100 257 214 376 343 234 455 351
34742_right.jpg 186 419 302 543 529 376 653 500
20326_left.jpg 178 374 320 499 547 413 673 536
5835_left.jpg 565 435 688 563 237 382 352 500
17586_left.jpg 635 459 751 577 336 388 459 516
26076_left.jpg 220 385 336 495 536 405 655 526
8056_right.jpg 148 408 248 524 443 374 559 494
31958_left.jpg 569 405 696 531 249 388 364 504
23104_right.jpg 728 329 840 454 396 410 512 525
24075_left.jpg 190 379 344 526 534 404 668 541
25584_right.jpg 627 361 746 472 306 401 417 521
30984_right.jpg 737 295 866 433 394 389 510 505
23356_left.jpg 158 329 262 443 510 379 637 512
11254_right.jpg 545 382 671 511 235 409 352 530
17580_right.jpg 236 413 354 519 532 366 657 492
17604_left.jpg 591 423 700 539 242 370 360 490
18105_left.jpg 173 305 297 438 498 317 627 446
16936_right.jpg 188 427 298 540 526 387 642 506
13808_right.jpg 591 319 717 460 253 425 366 541
14125_right.jpg 714 401 820 519 394 443 517 567
23538_left.jpg 164 325 280 443 499 396 616 513
25823_left.jpg 169 350 306 490 539 412 656 530
27003_left.jpg 186 350 319 490 553 412 669 528
29506_left.jpg 681 333 794 445 359 262 491 396
10219_left.jpg 181 359 337 498 509 414 626 533
31671_left.jpg 598 444 712 573 265 401 381 521
15023_right.jpg 688 350 835 509 362 401 488 532
2457_left.jpg 127 322 257 444 422 338 551 474
39495_left.jpg 547 414 687 542 253 374 372 496
27407_right.jpg 730 377 853 497 390 419 517 544
3804_right.jpg 748 317 872 453 424 379 547 503
14515_left.jpg 29 338 131 454 345 410 474 542
17261_right.jpg 226 414 346 537 534 381 650 501
43739_left.jpg 163 319 289 449 497 383 620 509
18834_right.jpg 632 323 806 489 292 407 409 525
10326_left.jpg 218 354 340 478 538 417 655 533
20505_right.jpg 789 325 895 452 444 363 573 498
16661_left.jpg 7 367 116 487 315 407 441 537
2034_right.jpg 85 466 204 583 380 451 492 574
10468_left.jpg 168 323 307 455 507 413 623 531
10253_right.jpg 825 360 895 479 528 442 641 555
12130_left.jpg 548 401 669 522 251 380 371 497
26427_right.jpg 156 457 286 587 501 414 622 536
31272_left.jpg 156 326 288 454 504 395 622 516
27374_right.jpg 198 432 321 544 535 398 662 527
39775_right.jpg 239 378 382 523 528 358 658 493
21184_left.jpg 211 361 331 477 531 401 651 523
36090_right.jpg 51 386 176 525 390 339 509 467
29314_left.jpg 200 381 321 502 454 355 592 493
18362_right.jpg 575 301 716 434 247 421 363 542
3563_left.jpg 644 345 742 454 350 295 479 432
25070_right.jpg 198 416 298 530 535 377 649 494
2527_left.jpg 530 447 631 561 248 384 360 500
15975_left.jpg 172 363 293 477 493 402 625 538
1444_left.jpg 578 411 692 528 254 372 367 491
16042_right.jpg 219 404 336 523 517 355 658 496
5111_left.jpg 602 478 733 615 295 437 411 555
30445_right.jpg 556 359 683 489 232 403 345 518
20111_right.jpg 201 383 340 506 536 367 656 489
15093_right.jpg 501 375 678 523 135 397 251 517
8729_right.jpg 577 392 707 520 252 423 370 542
16287_left.jpg 568 392 701 529 235 373 353 491
16925_left.jpg 710 490 812 596 400 396 536 539
11858_left.jpg 39 327 181 460 391 398 519 526
18351_left.jpg 169 312 285 439 501 384 622 515
4656_right.jpg 231 406 342 525 543 377 658 495
33839_left.jpg 44 341 181 477 368 386 521 542
27264_right.jpg 746 321 876 468 410 388 525 502
21866_left.jpg 228 387 348 500 563 422 680 546
26328_right.jpg 606 359 729 487 279 422 399 542
38296_left.jpg 138 367 263 494 494 420 607 533
19478_left.jpg 8 373 128 502 367 423 490 549
10109_left.jpg 221 354 340 472 540 419 654 532
34754_right.jpg 239 424 355 536 536 368 654 487
5800_right.jpg 580 388 705 526 244 407 360 522
20310_left.jpg 27 350 145 488 378 396 507 530
31962_right.jpg 576 371 688 492 258 430 369 544
41714_right.jpg 652 366 769 484 278 407 407 538
16445_left.jpg 196 375 311 494 534 414 659 543
25277_left.jpg 541 424 674 558 235 329 381 481
23547_left.jpg 0 348 117 491 329 413 446 532
33222_right.jpg 593 384 720 523 245 419 358 533
16585_left.jpg 181 369 321 507 526 400 657 528
16759_right.jpg 603 320 745 481 267 378 397 509
36211_left.jpg 208 322 347 460 528 406 642 522
13101_left.jpg 571 446 684 578 244 375 360 495
26072_left.jpg 565 443 678 561 244 378 363 502
39920_left.jpg 608 437 732 575 252 377 383 511
7322_right.jpg 674 452 812 588 353 423 467 534
35694_left.jpg 156 373 291 497 494 405 624 541
18502_right.jpg 18 395 102 509 280 378 399 502
13667_right.jpg 210 442 337 570 540 378 655 500
31461_left.jpg 576 448 703 570 274 374 407 517
29880_left.jpg 166 349 293 489 540 414 655 531
23394_left.jpg 571 412 688 546 233 354 377 505
27959_right.jpg 545 359 657 476 232 424 344 535
36181_right.jpg 688 345 840 474 372 377 528 543
37003_right.jpg 554 356 692 486 236 415 358 539
28257_left.jpg 69 398 187 525 388 438 510 560
3380_left.jpg 49 342 158 463 392 384 519 512
23718_left.jpg 43 368 175 505 402 393 511 511
30309_right.jpg 655 314 771 438 383 387 514 525
25916_left.jpg 594 465 697 582 237 377 359 502
29494_right.jpg 539 363 663 490 259 416 385 543
32493_left.jpg 158 356 297 498 517 412 633 529
22039_right.jpg 584 367 715 499 234 417 353 541
43998_right.jpg 569 355 718 509 229 400 348 523
26134_left.jpg 581 418 701 544 262 376 377 495
10123_right.jpg 728 335 853 463 389 363 519 498
29857_left.jpg 176 343 299 476 546 404 665 525
10988_right.jpg 197 379 315 504 539 365 654 481
33751_left.jpg 705 345 824 471 434 381 570 518
17647_left.jpg 581 423 694 538 248 368 368 492
18678_right.jpg 232 397 345 518 544 378 662 503
40405_right.jpg 541 354 670 485 252 414 369 533
34898_right.jpg 209 381 330 503 528 366 657 500
12993_right.jpg 198 412 325 535 542 384 658 503
17055_left.jpg 564 395 675 517 251 366 369 481
20311_left.jpg 575 443 690 565 278 402 409 535
20360_left.jpg 560 424 688 548 253 362 376 487
11730_left.jpg 245 305 381 435 686 371 821 511
19422_right.jpg 599 355 709 473 294 378 390 500
30959_right.jpg 203 415 325 541 537 373 653 491
26919_left.jpg 597 410 736 544 257 376 381 509
29058_left.jpg 181 368 308 500 543 404 656 518
3784_left.jpg 657 431 768 551 349 380 473 503
17634_right.jpg 591 307 720 444 271 357 406 496
21389_right.jpg 218 424 326 549 533 354 669 500
3446_left.jpg 210 379 329 503 545 412 661 531
12739_right.jpg 200 404 334 531 530 364 656 499
40696_right.jpg 175 408 320 541 530 377 647 496
22778_right.jpg 175 371 328 498 185 368 316 502
11042_left.jpg 190 371 312 488 523 391 654 525
20784_left.jpg 629 427 737 546 383 360 506 485
5341_right.jpg 737 368 858 506 386 401 507 522
15696_right.jpg 753 354 873 492 382 406 518 550
23605_right.jpg 628 429 748 555 314 466 440 596
6061_left.jpg 550 410 662 521 239 369 349 479
13447_left.jpg 144 346 279 477 494 398 615 519
18405_right.jpg 769 341 886 477 424 368 539 485
9594_left.jpg 546 427 673 558 256 374 375 496
17843_left.jpg 643 417 764 551 332 377 450 500
23391_left.jpg 225 309 365 445 568 403 683 521
26556_left.jpg 80 334 190 456 398 390 522 516
42122_left.jpg 180 343 338 496 550 401 663 518
23177_right.jpg 223 388 357 508 536 356 685 506
8446_left.jpg 722 357 842 497 412 315 549 459
2294_left.jpg 146 349 298 504 538 400 656 519
21757_right.jpg 573 378 698 499 249 428 372 551
12899_left.jpg 99 354 228 483 439 421 559 543
26305_left.jpg 70 303 192 436 374 394 496 517
7755_right.jpg 216 432 319 542 536 372 657 494
37901_right.jpg 683 363 802 488 330 395 459 523
34934_left.jpg 140 367 261 485 488 408 611 537
18095_right.jpg 220 396 320 507 540 379 655 496
43955_right.jpg 550 398 691 523 205 450 328 576
24449_right.jpg 178 416 291 528 476 372 607 501
20627_left.jpg 195 390 316 519 542 413 659 529
10244_left.jpg 231 334 364 464 609 429 727 555
14397_left.jpg 51 323 150 436 380 397 497 518
23392_right.jpg 208 382 328 505 538 369 655 486
27624_right.jpg 555 397 677 530 235 402 352 522
32815_right.jpg 741 415 850 538 388 411 507 531
37981_right.jpg 216 412 333 530 533 367 654 490
1140_right.jpg 575 327 716 465 233 421 354 547
12481_right.jpg 704 356 840 488 423 375 548 502
12734_left.jpg 227 369 335 473 499 368 647 525
28230_left.jpg 568 430 672 541 256 372 371 501
16602_right.jpg 536 314 650 431 199 382 335 520
8848_left.jpg 177 356 300 483 501 400 629 522
19380_left.jpg 553 426 668 546 243 374 370 504
16408_right.jpg 203 425 327 549 528 376 644 494
20264_left.jpg 191 374 322 490 540 414 661 534
7014_right.jpg 586 353 727 487 267 403 390 532
29534_right.jpg 122 413 247 538 456 366 566 479
10047_right.jpg 209 422 339 552 542 366 664 489
25650_left.jpg 206 347 331 481 534 418 658 542
18901_right.jpg 29 449 136 566 343 411 485 552
3476_right.jpg 219 424 341 545 512 369 647 507
837_right.jpg 569 364 695 493 237 426 360 548
4911_right.jpg 193 434 328 567 536 379 650 496
22587_right.jpg 568 363 692 487 259 422 376 542
41451_left.jpg 585 408 700 531 260 379 377 501
6217_left.jpg 554 449 673 565 250 395 403 557
24235_right.jpg 607 359 728 489 298 408 415 525
870_right.jpg 587 406 715 537 231 402 357 534
3431_right.jpg 743 376 868 520 430 423 562 550
9717_right.jpg 462 368 583 495 135 419 249 530
28995_left.jpg 579 413 702 539 246 375 360 493
2094_right.jpg 554 364 670 485 231 416 353 542
16612_right.jpg 205 448 321 564 539 381 656 501
15835_right.jpg 749 322 860 452 416 378 552 522
28174_right.jpg 213 367 338 499 538 369 652 488
17744_left.jpg 558 384 688 513 237 369 384 516
28196_left.jpg 188 384 321 523 542 451 660 570
35699_left.jpg 54 364 191 491 385 399 527 546
36829_right.jpg 722 437 853 571 378 473 507 609
14936_left.jpg 216 351 338 479 537 409 654 523
1495_left.jpg 44 337 174 472 371 412 491 536
10202_left.jpg 107 297 239 423 415 399 546 536
29894_right.jpg 723 336 843 470 394 397 510 514
3307_left.jpg 177 431 305 560 478 499 609 636
35332_right.jpg 650 366 761 492 253 425 366 540
36621_left.jpg 574 416 710 548 245 350 370 488
27588_right.jpg 742 356 870 484 399 397 526 525
11915_right.jpg 567 350 676 465 223 401 347 538
32901_right.jpg 572 360 715 497 234 417 360 545
17817_right.jpg 556 384 700 532 236 420 348 536
7695_right.jpg 638 358 781 496 286 420 401 538
21872_right.jpg 199 393 326 525 540 380 658 501
13652_right.jpg 550 372 682 508 227 418 345 541
28976_right.jpg 507 325 621 441 268 339 428 502
18775_right.jpg 189 393 315 525 530 366 648 488
3868_left.jpg 197 360 332 502 550 408 669 526
29490_right.jpg 621 333 742 462 266 379 397 514
13931_left.jpg 580 435 687 552 249 379 363 497
22329_right.jpg 207 419 316 536 536 373 659 494
4604_right.jpg 723 333 853 464 395 390 516 518
31805_right.jpg 205 385 344 515 542 371 658 489
24259_left.jpg 189 380 323 516 541 411 657 529
19293_left.jpg 0 354 110 493 514 256 634 383
20855_left.jpg 67 343 183 471 397 385 517 511
33870_right.jpg 621 391 737 510 287 406 414 533
30842_left.jpg 162 356 297 488 508 420 628 541
34701_left.jpg 178 362 302 479 515 408 629 522
26672_left.jpg 67 294 172 410 380 379 498 500
41868_left.jpg 551 374 665 493 259 375 391 510
19192_right.jpg 24 476 154 595 372 407 493 532
38722_right.jpg 577 372 696 491 234 409 348 524
21454_left.jpg 616 452 715 572 301 407 426 536
12149_right.jpg 263 332 369 450 541 313 666 440
15868_right.jpg 591 438 713 558 270 400 388 519
12036_right.jpg 576 409 702 536 242 356 397 517
19004_right.jpg 585 347 713 469 281 410 400 526
23453_right.jpg 224 404 332 518 536 371 654 492
6088_right.jpg 581 369 700 493 238 402 356 520
17135_right.jpg 742 344 858 476 399 380 532 533
19338_left.jpg 549 359 690 495 217 407 343 536
13522_right.jpg 563 377 702 523 216 421 333 542
14371_right.jpg 197 382 337 511 533 376 647 494
17160_left.jpg 611 289 719 403 290 224 433 376
23120_left.jpg 584 429 693 548 255 371 371 491
4185_left.jpg 601 396 724 517 250 372 383 514
41772_right.jpg 549 347 683 485 222 400 355 536
3637_right.jpg 240 426 353 534 533 368 653 493
6339_left.jpg 133 332 250 460 502 395 627 520
5450_left.jpg 185 375 326 507 538 401 657 519
29052_left.jpg 533 416 661 542 247 383 363 499
43821_left.jpg 398 333 525 456 720 380 849 520
12931_right.jpg 178 381 304 504 525 371 662 514
32507_right.jpg 612 341 762 486 275 418 400 543
9893_right.jpg 201 411 330 531 530 387 644 505
30509_right.jpg 570 346 702 489 231 427 346 543
30367_right.jpg 573 364 696 490 236 419 354 537
21878_left.jpg 554 394 687 525 243 390 357 506
32822_right.jpg 84 417 215 543 395 380 533 525
2044_left.jpg 189 321 324 460 503 393 643 536
40588_left.jpg 590 443 704 570 262 384 389 504
21285_left.jpg 154 420 268 535 472 432 599 560
12650_left.jpg 556 394 688 526 255 378 371 496
23264_right.jpg 604 428 731 551 252 485 375 612
5384_left.jpg 551 409 662 531 251 388 368 506
28052_right.jpg 634 375 772 528 294 470 420 595
14684_right.jpg 647 323 788 459 276 381 415 524
14045_left.jpg 201 355 323 484 543 414 662 530
16907_right.jpg 131 409 236 524 454 378 579 509
3199_left.jpg 150 318 282 452 504 371 625 502
12948_right.jpg 191 408 317 536 527 377 641 493
25529_left.jpg 557 408 694 545 246 380 369 506
17220_left.jpg 170 340 307 473 497 409 619 534
42633_right.jpg 544 362 661 480 242 425 365 549
5195_right.jpg 188 442 313 568 528 367 650 490
30878_right.jpg 727 236 857 376 393 304 524 439
13693_right.jpg 208 412 325 536 535 383 651 502
78_left.jpg 231 340 356 468 545 422 658 535
31309_right.jpg 638 376 758 490 297 419 411 536
43552_right.jpg 556 336 708 471 223 397 339 517
21866_right.jpg 583 361 706 480 250 432 366 549
5657_left.jpg 195 348 331 478 512 403 632 519
35639_right.jpg 62 489 158 616 373 502 488 622
36662_left.jpg 135 341 285 480 495 409 623 539
21019_right.jpg 522 365 665 502 218 411 332 526
42624_right.jpg 134 302 259 424 457 280 583 408
25329_right.jpg 627 353 740 468 287 400 401 515
18770_right.jpg 201 439 332 564 536 377 656 498
11649_right.jpg 697 304 815 428 377 378 507 517
14480_left.jpg 571 407 674 525 248 373 368 492
3057_right.jpg 705 418 829 548 339 467 465 591
27906_left.jpg 80 354 207 473 438 413 569 551
35423_right.jpg 112 471 206 582 399 419 528 548
34453_right.jpg 558 347 671 476 248 423 363 542
22269_right.jpg 582 353 707 485 264 377 388 503
21704_left.jpg 219 373 327 491 540 402 653 520
172_left.jpg 129 367 266 504 407 408 523 526
4667_left.jpg 565 426 688 551 243 376 368 506
25087_right.jpg 591 364 711 493 232 421 348 542
13011_left.jpg 13 363 135 489 352 418 507 574
2126_left.jpg 554 404 669 525 232 376 354 504
25116_right.jpg 762 327 880 465 369 389 494 511
31019_left.jpg 189 345 303 468 505 413 620 526
24282_left.jpg 47 404 151 521 336 446 462 573
17583_left.jpg 50 261 159 382 400 308 513 429
10726_right.jpg 67 446 171 563 368 395 502 528
11189_right.jpg 195 408 320 525 530 363 645 482
7641_left.jpg 190 365 328 497 546 415 659 529
40188_right.jpg 215 387 335 508 534 376 661 511
1657_left.jpg 193 329 318 462 493 390 614 514
32630_left.jpg 100 376 237 507 424 372 579 535
10235_right.jpg 197 404 310 518 533 365 646 482
14159_right.jpg 219 439 354 576 543 395 661 515
27988_right.jpg 179 409 291 522 528 374 644 490
5093_right.jpg 561 360 676 479 238 411 357 531
22255_left.jpg 4 348 106 468 323 407 454 543
20351_left.jpg 157 362 297 498 502 367 646 522
15518_right.jpg 597 373 722 505 227 394 358 524
29016_left.jpg 575 424 709 558 235 381 356 502
35017_left.jpg 203 334 324 444 543 388 658 512
37212_left.jpg 571 410 676 525 236 386 350 501
18314_left.jpg 664 498 765 611 252 466 411 633
7906_left.jpg 176 350 312 479 503 402 623 530
369_left.jpg 554 412 683 526 257 372 378 497
21954_left.jpg 114 402 237 525 427 407 558 536
26248_left.jpg 170 320 295 461 541 405 655 520
22402_right.jpg 214 390 336 518 532 377 646 496
16757_right.jpg 553 381 684 496 248 414 369 540
16808_left.jpg 219 354 362 479 526 403 652 530
5140_left.jpg 209 420 334 535 558 427 675 546
5229_left.jpg 202 379 327 495 528 401 658 538
17827_left.jpg 570 395 687 520 264 375 383 494
8379_right.jpg 53 428 191 564 303 408 444 553
31496_right.jpg 258 381 389 511 12 411 113 532
25518_left.jpg 246 362 370 493 563 433 677 550
13345_left.jpg 595 388 713 515 259 362 387 494
5913_left.jpg 204 391 345 526 546 423 667 545
32148_left.jpg 567 424 690 547 240 374 356 493
21315_left.jpg 567 404 685 526 241 372 369 494
26882_left.jpg 164 342 287 470 493 405 621 539
3804_left.jpg 185 325 319 448 546 386 671 513
15430_right.jpg 553 366 675 496 233 404 354 527
31363_right.jpg 541 322 689 468 246 426 364 547
1674_right.jpg 224 360 340 487 538 374 654 491
17028_right.jpg 591 357 722 504 257 402 371 518
22390_right.jpg 226 400 346 525 527 372 645 492
22539_left.jpg 206 397 314 511 541 417 660 540
18780_left.jpg 175 392 303 518 510 417 623 531
6564_right.jpg 567 366 688 489 244 417 369 542
20677_left.jpg 559 416 687 545 242 374 386 515
25738_left.jpg 190 356 301 470 506 395 625 517
3353_left.jpg 58 324 177 456 404 406 525 528
20402_left.jpg 182 319 297 441 494 353 634 504
1544_right.jpg 745 354 875 494 442 421 557 538
31693_left.jpg 562 451 667 566 234 375 366 505
30556_right.jpg 584 341 701 465 234 414 368 549
508_right.jpg 185 449 319 583 539 403 678 542
6326_left.jpg 195 380 308 499 522 385 661 524
1919_right.jpg 566 350 677 473 239 416 367 552
20945_right.jpg 197 431 308 550 527 366 645 490
18143_left.jpg 168 381 304 517 533 409 661 535
25220_left.jpg 705 425 803 539 405 370 535 503
32247_right.jpg 563 353 702 498 235 418 348 532
30353_right.jpg 599 351 734 473 292 415 410 539
18446_left.jpg 159 352 286 485 484 423 604 543
35393_right.jpg 94 429 183 533 395 364 538 509
14980_left.jpg 243 382 379 504 567 426 681 544
24550_right.jpg 195 431 306 556 533 376 643 490
2992_left.jpg 169 376 308 511 526 406 651 535
25071_right.jpg 734 317 857 451 383 398 508 520
24343_right.jpg 616 335 737 463 290 414 404 528
28904_left.jpg 216 351 345 474 532 402 663 529
41730_left.jpg 231 369 346 490 566 432 680 548
23347_left.jpg 191 344 317 465 541 405 660 531
33168_right.jpg 723 310 860 455 377 368 528 528
21793_left.jpg 558 388 669 511 237 376 354 501
39168_right.jpg 728 348 839 475 374 395 506 526
11850_left.jpg 144 313 268 446 497 392 619 516
42244_left.jpg 62 379 183 504 401 399 531 539
35498_right.jpg 755 329 888 490 380 396 501 516
18919_right.jpg 588 371 707 497 277 422 400 548
9712_left.jpg 563 402 686 530 254 372 365 489
27483_left.jpg 195 378 335 515 520 406 643 536
27461_right.jpg 539 378 685 518 295 414 411 539
14367_left.jpg 187 342 321 473 474 407 622 557
32221_left.jpg 90 358 202 480 417 414 542 540
16718_right.jpg 602 393 725 525 276 436 398 559
7469_right.jpg 631 356 745 481 258 381 392 515
12092_left.jpg 199 344 338 474 533 407 654 530
18508_right.jpg 55 455 166 572 383 430 507 555
26841_right.jpg 568 341 699 477 248 416 369 539
24780_left.jpg 45 282 129 401 384 337 547 501
31450_left.jpg 72 334 191 460 397 386 523 513
25867_left.jpg 244 358 374 493 559 385 714 546
31438_left.jpg 194 368 321 496 530 417 649 535
29656_left.jpg 194 368 315 491 510 409 629 532
24075_right.jpg 535 370 688 516 232 399 357 532
1369_right.jpg 562 332 690 457 241 426 361 549
18486_right.jpg 590 382 685 487 299 410 418 529
26766_left.jpg 553 439 676 570 246 367 377 502
30782_right.jpg 570 349 696 481 244 395 364 523
31208_left.jpg 713 508 826 634 389 462 508 580
17004_left.jpg 211 408 334 540 539 418 665 546
30984_left.jpg 95 346 232 476 399 384 535 519
22693_right.jpg 87 484 190 589 392 407 508 523
11689_right.jpg 702 413 846 562 359 449 504 601
1853_right.jpg 758 313 881 454 400 384 554 540
7329_right.jpg 114 329 226 451 407 304 550 454
11387_left.jpg 226 344 360 478 547 422 668 540
283_right.jpg 223 436 330 549 536 369 662 501
23880_right.jpg 183 405 307 538 519 364 635 481
42247_left.jpg 66 358 177 486 380 408 498 528
23702_left.jpg 674 417 800 555 348 379 482 514
36580_left.jpg 186 379 305 505 535 402 651 523
1496_right.jpg 760 328 870 452 402 395 538 529
34346_right.jpg 633 362 767 500 295 417 412 536
19099_right.jpg 570 378 694 502 221 405 341 533
26483_right.jpg 605 383 745 516 293 408 407 526
12924_left.jpg 27 347 132 475 366 387 496 517
27301_left.jpg 216 366 344 499 541 419 673 555
22981_left.jpg 37 336 153 468 377 399 491 513
9330_right.jpg 212 393 351 538 523 361 649 486
25758_right.jpg 579 359 714 501 234 419 356 544
29220_right.jpg 156 399 293 529 526 375 651 495
21664_left.jpg 827 324 895 456 528 257 647 380
24299_left.jpg 150 340 310 485 496 387 626 524
11844_right.jpg 241 407 351 519 545 368 666 489
10319_left.jpg 585 419 708 535 250 454 381 591
29018_left.jpg 582 445 682 555 272 395 428 556
33158_right.jpg 586 350 716 480 240 420 356 540
12158_left.jpg 171 383 312 524 514 416 632 533
32535_left.jpg 126 302 264 436 488 391 629 532
19018_right.jpg 549 355 695 483 237 413 350 528
34759_right.jpg 610 348 759 498 279 410 400 530
23019_right.jpg 578 353 698 476 235 418 351 545
13706_left.jpg 200 369 341 509 546 416 663 535
12699_right.jpg 727 408 852 531 364 444 531 619
18163_left.jpg 46 327 168 447 382 388 511 520
31948_right.jpg 218 388 355 508 526 378 643 502
14651_right.jpg 195 441 295 553 525 362 643 482
14703_left.jpg 535 429 652 550 233 365 382 513
29004_right.jpg 714 367 863 520 387 441 509 565
32978_left.jpg 73 173 180 286 409 162 533 287
16726_left.jpg 174 393 286 512 477 410 602 537
33627_right.jpg 206 422 326 538 529 387 646 507
42580_left.jpg 204 367 334 495 549 402 662 520
28780_left.jpg 200 362 317 487 493 420 613 544
13418_right.jpg 179 407 303 522 535 362 651 481
15450_left.jpg 223 380 353 511 546 429 662 546
20095_right.jpg 642 347 776 477 284 395 397 509
21796_right.jpg 606 416 734 544 237 420 353 539
38529_right.jpg 631 351 770 488 293 406 418 537
25600_right.jpg 571 368 691 491 253 427 367 546
3294_left.jpg 544 404 661 518 228 356 370 500
26198_left.jpg 35 365 140 476 383 404 506 527
27376_left.jpg 589 446 701 569 252 388 371 511
10105_right.jpg 729 314 864 457 387 382 514 505
2499_right.jpg 683 416 832 560 394 455 523 587
19452_left.jpg 197 369 324 500 551 425 665 541
99_right.jpg 698 288 827 421 386 377 508 502
42813_left.jpg 596 433 706 556 246 377 361 497
11238_right.jpg 662 332 793 454 355 400 476 525
19864_right.jpg 137 487 246 598 420 450 536 572
15509_right.jpg 586 368 750 526 256 416 383 542
22384_right.jpg 550 352 684 494 237 409 349 525
27766_right.jpg 174 365 303 495 532 368 647 487
510_right.jpg 730 382 846 512 423 413 540 535
4883_right.jpg 557 324 678 451 233 415 352 537
12835_right.jpg 555 384 683 517 236 422 347 537
28525_left.jpg 142 384 276 525 486 406 607 529
12881_right.jpg 144 627 258 739 430 575 556 707
6433_right.jpg 284 340 391 447 145 368 266 489
39145_right.jpg 207 419 331 543 518 356 670 509
11245_right.jpg 634 363 754 488 293 415 415 539
19680_left.jpg 535 418 651 537 259 369 378 490
31533_right.jpg 548 371 693 514 231 422 343 537
6851_right.jpg 198 405 326 523 538 367 652 484
15741_right.jpg 731 314 852 439 401 377 531 505
26773_left.jpg 550 455 674 569 249 371 365 492
33208_right.jpg 602 394 730 525 293 412 417 536
31902_right.jpg 207 405 336 525 525 378 641 498
35515_right.jpg 559 415 692 543 235 416 362 546
28369_left.jpg 30 299 150 430 400 380 528 509
15139_right.jpg 562 362 688 484 232 416 350 536
29658_left.jpg 75 321 211 447 404 391 518 509
16774_left.jpg 581 430 700 551 252 378 366 495
13591_right.jpg 172 429 308 551 540 370 657 488
27028_right.jpg 578 341 701 469 245 407 368 532
5445_left.jpg 188 376 306 496 543 405 669 532
20792_left.jpg 157 526 289 664 455 564 594 715
26997_right.jpg 622 324 755 455 279 385 408 513
18303_right.jpg 576 374 687 487 232 423 345 541
39864_left.jpg 188 369 307 493 527 384 654 512
21932_right.jpg 730 400 848 530 414 418 536 546
240_right.jpg 607 367 721 486 297 419 413 533
2945_right.jpg 200 288 331 415 551 286 680 420
14490_right.jpg 83 386 178 501 390 330 514 460
30192_right.jpg 715 399 822 516 379 416 505 538
16046_left.jpg 213 327 335 454 520 463 655 606
36474_right.jpg 557 378 682 509 238 415 357 535
11858_right.jpg 721 318 880 462 398 400 524 528
8729_left.jpg 206 346 353 479 536 411 655 532
22424_left.jpg 562 418 676 550 264 346 407 488
22726_right.jpg 766 219 865 332 417 259 540 382
30837_left.jpg 537 476 658 592 242 393 366 522
12773_left.jpg 128 410 255 543 501 413 622 534
14360_right.jpg 610 333 735 460 289 412 411 535
34737_left.jpg 60 317 180 440 400 367 523 491
30004_right.jpg 738 363 859 498 433 440 560 570
32870_left.jpg 178 347 294 466 491 385 621 521
19071_left.jpg 214 367 349 492 546 403 663 530
27304_left.jpg 216 326 335 450 522 402 653 535
41336_left.jpg 569 401 684 521 250 378 367 501
5760_right.jpg 217 407 334 524 539 378 649 493
30949_right.jpg 144 411 257 522 441 370 562 492
32006_left.jpg 34 368 139 478 365 389 501 525
8670_right.jpg 201 396 313 519 546 361 664 486
39486_left.jpg 564 428 721 567 249 373 367 496
5063_right.jpg 558 412 681 534 213 426 339 556
24949_left.jpg 143 372 270 503 503 391 645 534
9664_left.jpg 557 445 688 573 242 390 363 512
38321_left.jpg 14 361 178 512 387 375 529 528
13495_left.jpg 535 440 658 560 251 370 375 501
32178_left.jpg 182 371 307 500 511 377 641 513
4421_left.jpg 186 359 297 478 534 401 657 522
44251_left.jpg 149 345 283 476 517 417 632 529
35499_right.jpg 251 365 414 504 222 357 359 501
19612_right.jpg 573 338 694 466 223 399 342 520
27545_right.jpg 629 268 763 405 297 367 430 501
26967_left.jpg 215 339 345 481 545 404 664 525
21919_right.jpg 181 391 320 518 531 370 665 502
37776_right.jpg 554 349 679 474 236 415 353 536
19976_left.jpg 206 443 327 569 224 460 332 580
33996_right.jpg 720 354 846 488 382 432 496 547
6860_right.jpg 884 44 895 889 267 224 376 347
17403_right.jpg 344 384 466 502 356 373 470 485
27525_right.jpg 106 449 212 565 412 376 536 508
13466_right.jpg 740 366 861 500 392 404 506 519
36253_right.jpg 583 327 719 463 241 423 355 541
4567_right.jpg 563 352 717 495 247 402 378 534
35032_left.jpg 239 371 367 504 549 408 671 528
7912_left.jpg 209 327 342 456 557 401 676 524
43950_right.jpg 171 433 315 562 515 372 655 522
35098_left.jpg 652 431 772 557 369 376 511 511
10925_right.jpg 599 381 718 499 238 409 362 533
24304_right.jpg 626 314 739 439 304 401 416 517
37766_left.jpg 141 305 283 441 495 398 634 540
25741_right.jpg 638 311 761 437 292 386 422 523
18873_right.jpg 622 328 770 466 276 381 403 511
30396_right.jpg 189 421 309 529 521 371 642 495
13261_right.jpg 115 379 236 504 417 365 532 484
32952_left.jpg 119 310 233 436 399 402 533 542
31281_right.jpg 571 411 707 526 225 448 350 574
30487_left.jpg 46 308 160 430 376 383 506 518
15684_right.jpg 608 347 737 475 300 408 412 521
34684_right.jpg 206 400 335 525 522 369 661 517
10634_right.jpg 76 492 205 620 381 460 509 591
33258_right.jpg 217 403 347 524 541 375 656 490
24802_left.jpg 28 336 158 454 386 402 503 520
34802_left.jpg 564 394 681 508 250 371 367 491
37612_right.jpg 616 351 750 486 282 410 394 525
26817_right.jpg 617 347 750 476 277 387 405 520
25352_right.jpg 735 424 871 557 354 463 502 622
26392_left.jpg 212 353 328 478 531 399 652 520
34168_left.jpg 66 348 170 471 383 400 505 514
22595_left.jpg 669 379 794 506 370 343 490 471
26919_right.jpg 205 440 334 566 546 384 663 503
23923_right.jpg 97 451 208 576 415 417 539 541
16641_right.jpg 578 364 690 483 232 407 345 521
6598_left.jpg 191 369 320 495 529 420 652 545
10221_right.jpg 181 405 316 538 534 393 652 511
32801_left.jpg 120 319 274 460 500 385 623 514
1277_left.jpg 519 440 639 557 250 381 364 495
20462_right.jpg 238 407 349 529 552 388 673 508
42059_right.jpg 217 386 349 504 529 362 653 490
27113_left.jpg 548 415 662 528 256 367 372 485
15481_right.jpg 776 342 871 452 385 377 531 523
41201_right.jpg 501 405 646 550 237 410 364 536
2260_left.jpg 58 327 191 460 399 376 554 526
43789_left.jpg 186 333 307 457 537 412 652 529
19350_left.jpg 197 376 310 496 533 417 654 539
19306_right.jpg 245 395 366 515 541 350 674 488
19347_left.jpg 268 473 372 593 375 181 528 347
16287_right.jpg 174 355 294 474 540 366 658 487
27790_right.jpg 104 427 222 548 409 439 526 560
4547_left.jpg 177 500 290 619 503 555 621 672
19897_left.jpg 644 406 775 540 433 358 553 480
17548_left.jpg 37 313 182 452 396 388 530 527
39294_left.jpg 656 388 763 504 367 367 483 487
7623_left.jpg 217 361 340 476 541 427 656 542
26737_right.jpg 651 331 789 465 269 379 411 526
10192_left.jpg 556 412 690 531 239 372 362 496
20624_left.jpg 179 369 311 501 552 414 672 535
539_right.jpg 589 376 717 507 249 399 368 517
31746_right.jpg 576 368 683 487 217 422 332 540
25950_right.jpg 225 409 346 536 524 369 666 517
25840_left.jpg 136 408 267 536 480 439 600 557
28001_right.jpg 741 344 860 470 405 383 536 520
2447_left.jpg 54 351 164 473 376 402 503 538
10574_left.jpg 182 343 334 476 504 375 655 528
12875_left.jpg 61 341 165 466 381 405 503 526
23692_right.jpg 577 397 687 515 260 423 384 552
29883_right.jpg 558 374 696 501 228 405 341 520
37089_left.jpg 587 415 719 545 254 371 371 492
17934_left.jpg 192 330 304 459 533 405 648 522
3004_right.jpg 190 413 307 532 515 354 648 493
5399_left.jpg 61 343 202 479 426 410 541 531
23165_right.jpg 86 458 194 570 398 445 518 568
43399_left.jpg 600 515 724 648 290 483 410 601
13923_left.jpg 186 362 335 496 486 377 638 534
12005_left.jpg 544 396 663 518 254 380 370 498
13605_right.jpg 474 528 665 663 527 538 648 658
26627_right.jpg 574 399 695 524 251 433 367 550
16631_left.jpg 559 420 695 554 242 385 363 507
27114_left.jpg 590 406 711 528 302 317 426 448
16268_right.jpg 618 379 750 524 280 417 412 546
3604_right.jpg 186 436 292 548 512 381 631 501
6392_left.jpg 557 437 671 559 248 377 371 502
18466_left.jpg 579 423 689 542 255 373 368 492
24703_right.jpg 717 350 836 485 384 365 532 520
14480_right.jpg 66 360 163 470 353 299 477 429
27379_left.jpg 219 335 338 459 515 386 661 535
40232_left.jpg 110 300 232 431 502 376 617 501
3079_right.jpg 213 392 321 517 520 373 644 498
13838_left.jpg 5 349 131 475 328 411 459 549
21768_left.jpg 572 439 682 556 244 374 369 498
21637_right.jpg 589 391 697 504 233 449 373 597
1920_left.jpg 546 447 666 570 254 379 372 497
10551_left.jpg 172 294 295 424 501 380 636 514
80_right.jpg 167 406 289 530 518 384 630 499
39646_left.jpg 561 440 677 570 244 362 370 492
42897_left.jpg 218 354 346 489 551 431 667 551
43544_left.jpg 175 337 284 447 535 413 652 529
43653_right.jpg 752 334 885 489 366 354 513 510
3166_left.jpg 623 393 740 519 290 366 411 489
16350_left.jpg 744 342 884 481 427 273 566 410
31301_right.jpg 580 330 706 464 237 405 351 522
37185_left.jpg 200 370 325 499 548 405 664 524
250_right.jpg 683 358 794 489 361 411 483 533
22334_left.jpg 593 460 727 598 267 375 383 495
18432_right.jpg 593 357 714 487 225 394 358 535
25463_left.jpg 107 394 217 503 394 407 531 545
35273_left.jpg 578 439 691 556 240 371 375 511
23806_right.jpg 523 353 667 483 231 404 351 526
9876_right.jpg 174 408 284 529 532 367 653 489
23691_left.jpg 557 382 679 496 256 367 370 483
7398_left.jpg 180 394 313 521 477 437 615 577
19276_right.jpg 639 324 766 457 284 410 414 543
40742_left.jpg 19 514 121 636 327 576 447 692
16386_left.jpg 200 361 346 486 551 398 681 540
27800_right.jpg 183 407 312 540 531 366 649 494
1296_right.jpg 743 342 861 473 384 387 515 511
26982_left.jpg 653 451 790 575 331 375 454 500
29616_left.jpg 0 368 85 484 336 409 460 533
8192_right.jpg 809 393 895 525 456 434 567 546
39294_right.jpg 115 454 219 560 403 455 513 569
30790_right.jpg 16 431 122 536 355 375 476 501
35057_left.jpg 188 370 318 495 547 413 659 527
31163_right.jpg 552 339 681 471 225 407 350 538
41669_right.jpg 765 380 881 501 435 414 557 544
24006_left.jpg 139 344 284 480 501 411 618 536
31205_right.jpg 570 369 715 503 233 402 369 542
27087_left.jpg 571 390 690 520 258 375 371 490
32454_right.jpg 219 381 345 497 485 419 620 564
13239_left.jpg 563 380 694 506 233 385 357 513
20244_left.jpg 17 343 146 475 356 400 507 554
19553_left.jpg 693 490 810 608 395 446 509 563
35828_left.jpg 186 356 307 469 500 412 620 536
12070_right.jpg 670 361 810 493 330 414 449 534
31833_right.jpg 156 401 303 550 537 373 650 491
11650_right.jpg 715 134 831 259 362 174 480 294
15441_left.jpg 546 416 650 537 250 368 369 488
32383_left.jpg 209 358 357 494 527 419 651 545
3432_left.jpg 83 484 216 611 432 536 544 650
33357_left.jpg 562 405 675 522 255 377 384 509
6968_right.jpg 569 367 713 512 229 415 357 548
13186_right.jpg 753 356 874 489 445 420 560 535
20285_right.jpg 84 395 208 523 403 352 524 471
21809_right.jpg 191 502 308 623 381 506 505 640
26313_left.jpg 224 381 355 507 547 412 674 542
33920_right.jpg 302 581 451 722 314 591 440 722
35499_left.jpg 752 423 861 537 410 345 546 475
26356_right.jpg 556 394 686 522 233 406 350 526
4530_left.jpg 149 338 273 464 483 398 625 546
33346_left.jpg 561 410 670 529 251 370 363 485
3166_right.jpg 74 414 187 542 399 381 516 505
29172_left.jpg 152 355 284 491 499 426 613 546
23446_left.jpg 678 448 782 556 362 420 488 544
26481_left.jpg 572 424 696 545 229 373 362 508
32334_right.jpg 214 413 360 544 540 368 657 486
12872_right.jpg 168 403 281 533 478 365 598 486
1987_right.jpg 24 432 156 558 353 380 486 516
14961_right.jpg 634 343 756 472 281 392 398 511
20970_left.jpg 555 415 673 544 240 385 353 500
214_left.jpg 536 458 671 580 243 467 394 625
43169_right.jpg 197 376 335 512 536 365 652 482
22271_right.jpg 726 312 871 455 405 411 527 540
26427_left.jpg 548 419 684 552 246 378 367 498
20671_left.jpg 539 392 663 530 247 371 364 489
40269_right.jpg 204 425 336 548 533 376 645 492
30439_right.jpg 16 387 161 525 351 368 465 482
31708_right.jpg 517 306 665 444 247 380 381 521
36283_right.jpg 714 328 858 465 375 386 506 525
10037_left.jpg 140 308 296 464 502 391 622 511
19595_left.jpg 44 321 177 455 377 407 505 534
24491_right.jpg 206 189 330 299 216 189 331 310
20269_right.jpg 169 94 289 207 164 102 277 232
29514_right.jpg 550 377 699 503 227 418 340 532
12480_right.jpg 703 380 822 510 361 412 487 543
34288_left.jpg 587 295 704 414 284 246 407 369
12316_left.jpg 226 343 335 459 544 407 662 529
30283_left.jpg 633 451 751 570 355 388 479 513
29114_right.jpg 517 353 643 473 233 397 355 524
15994_left.jpg 181 383 309 503 560 422 672 540
22027_right.jpg 240 423 359 541 531 365 649 486
22407_left.jpg 506 420 636 548 236 372 360 497
3026_right.jpg 557 371 690 500 225 415 342 531
6687_left.jpg 592 447 713 569 245 390 383 532
2272_right.jpg 608 341 746 478 297 406 417 533
12325_right.jpg 235 406 344 524 534 374 652 494
12117_left.jpg 214 409 327 526 518 429 644 558
28978_right.jpg 221 390 347 519 525 360 661 500
12003_right.jpg 519 351 655 491 234 426 346 545
22450_right.jpg 737 377 855 512 389 400 512 528
18233_right.jpg 227 406 349 520 533 376 651 494
8856_left.jpg 186 331 335 471 538 424 650 536
39444_left.jpg 212 390 356 527 551 433 665 550
28772_left.jpg 185 334 314 462 471 409 623 561
36336_left.jpg 225 363 331 476 537 420 658 541
11730_right.jpg 551 321 697 456 122 390 241 512
29476_right.jpg 649 339 769 467 303 402 417 527
12805_right.jpg 744 308 876 450 403 398 508 523
11292_right.jpg 604 365 738 500 273 414 395 531
25697_right.jpg 253 177 375 314 267 176 383 299
33018_left.jpg 64 334 196 474 397 373 521 502
15886_right.jpg 681 327 820 463 378 391 512 523
11098_left.jpg 557 458 684 576 226 351 369 508
25329_left.jpg 161 323 276 452 498 399 612 514
36566_right.jpg 607 336 727 458 276 384 412 520
11535_right.jpg 636 359 791 516 281 404 401 526
4967_left.jpg 79 318 187 434 376 392 513 531
31435_left.jpg 680 390 799 517 364 374 487 503
35955_left.jpg 83 340 206 458 388 426 516 559
11206_right.jpg 625 344 753 477 287 406 414 529
40078_right.jpg 574 367 693 493 241 415 359 539
31940_right.jpg 221 407 337 514 532 380 644 492
31421_right.jpg 471 622 585 756 482 630 586 748
2536_left.jpg 551 409 658 527 241 384 358 500
35502_right.jpg 574 325 696 458 233 405 348 521
4522_left.jpg 556 414 667 535 262 348 376 466
27452_left.jpg 220 369 341 502 517 393 665 552
29628_left.jpg 552 411 657 527 242 374 359 496
13031_right.jpg 624 332 768 474 287 376 412 508
23943_right.jpg 640 360 764 488 292 410 414 534
2913_left.jpg 230 369 340 486 548 408 657 531
31421_left.jpg 102 453 222 572 358 500 503 647
6464_left.jpg 564 389 698 526 245 379 359 494
31237_right.jpg 116 358 247 493 456 400 576 523
18603_left.jpg 555 391 686 508 254 375 371 494
1376_right.jpg 724 441 844 571 385 489 520 620
26857_right.jpg 196 397 327 533 543 387 661 506
24611_right.jpg 218 399 331 508 528 374 644 494
43166_left.jpg 189 380 320 517 540 402 686 555
15557_right.jpg 203 399 329 518 521 371 649 494
35654_right.jpg 70 333 184 451 377 290 494 407
22457_left.jpg 210 357 342 497 534 415 657 534
13169_left.jpg 713 468 827 587 375 432 500 558
25567_left.jpg 576 450 681 571 251 378 364 494
6591_right.jpg 208 399 356 532 538 381 652 499
32783_left.jpg 597 430 714 557 313 364 456 506
33794_left.jpg 204 352 330 483 534 410 650 525
20662_right.jpg 725 356 854 486 387 385 519 522
18235_left.jpg 190 338 332 466 527 402 659 535
31938_right.jpg 547 373 687 502 246 424 364 543
13975_right.jpg 346 389 447 491 529 426 671 574
28412_right.jpg 549 372 668 491 230 405 344 522
18751_left.jpg 175 357 300 487 536 421 649 537
22493_right.jpg 618 335 741 449 283 375 407 503
36990_right.jpg 196 390 315 508 534 381 653 499
16818_right.jpg 169 412 306 571 539 380 666 508
17409_left.jpg 149 342 300 483 499 408 622 530
24359_right.jpg 555 430 669 549 224 407 344 529
13871_right.jpg 748 326 862 466 392 400 516 522
23445_right.jpg 200 359 335 493 534 377 653 498
22300_right.jpg 763 369 886 503 428 380 565 520
29057_right.jpg 247 448 369 565 545 382 660 499
33164_right.jpg 674 352 790 474 384 380 517 516
2106_right.jpg 18 425 144 551 337 369 489 524
20926_right.jpg 727 356 861 496 378 409 493 526
5753_right.jpg 206 406 311 517 528 374 654 500
27168_right.jpg 743 309 857 442 399 390 510 508
18575_left.jpg 0 418 82 543 324 454 454 588
24282_right.jpg 788 407 895 531 451 406 576 541
24373_left.jpg 588 435 698 551 245 381 368 508
14668_right.jpg 604 370 730 501 230 401 348 522
18082_left.jpg 222 359 357 488 544 420 658 543
6645_right.jpg 215 413 331 535 531 364 645 481
42846_left.jpg 697 411 813 544 356 368 482 494
23318_left.jpg 542 424 669 539 253 491 378 617
13848_left.jpg 199 323 321 448 538 413 657 535
5034_left.jpg 134 342 276 481 540 414 657 530
39859_left.jpg 136 397 276 540 507 411 627 531
1396_right.jpg 547 429 654 545 242 417 369 551
34759_left.jpg 142 355 284 499 504 422 621 537
28743_right.jpg 730 357 843 473 374 392 510 523
10666_left.jpg 210 354 343 486 561 400 674 515
12722_left.jpg 45 342 162 467 396 391 508 507
25998_left.jpg 560 422 670 536 244 370 365 498
5813_left.jpg 182 323 313 448 532 426 646 541
17894_right.jpg 201 432 342 570 537 369 653 490
34701_right.jpg 626 348 752 472 307 404 419 527
29650_left.jpg 67 340 186 468 392 384 516 509
14548_right.jpg 212 424 329 545 519 376 647 508
42516_right.jpg 181 396 312 525 526 384 637 497
26212_right.jpg 103 471 219 590 363 445 496 579
31682_left.jpg 560 396 675 519 254 386 379 515
24092_right.jpg 754 310 865 442 388 381 519 516
3084_left.jpg 159 381 274 504 500 400 621 524
37848_right.jpg 203 410 330 540 507 389 637 524
20310_right.jpg 727 353 842 482 374 393 504 531
20909_left.jpg 201 377 327 499 541 420 664 543
20785_right.jpg 130 381 258 505 452 366 567 487
14927_right.jpg 623 331 771 454 264 372 403 517
25576_right.jpg 566 355 694 483 236 399 360 528
34918_right.jpg 619 347 767 484 299 416 415 529
2205_right.jpg 729 313 862 456 392 383 519 513
22923_left.jpg 80 257 213 393 430 292 558 426
24076_left.jpg 570 445 690 569 254 393 369 508
26862_left.jpg 177 414 315 547 517 434 633 553
32383_right.jpg 547 388 681 523 228 423 345 541
25404_left.jpg 38 261 162 395 393 292 513 413
11859_left.jpg 537 421 659 543 252 371 374 493
12823_left.jpg 198 366 323 487 509 406 629 534
17711_right.jpg 559 407 692 542 227 424 342 541
14177_left.jpg 149 386 268 515 492 419 609 533
14572_left.jpg 567 433 685 552 254 380 370 499
30438_right.jpg 547 364 670 486 231 409 346 525
37875_right.jpg 9 370 114 501 318 350 438 475
26366_right.jpg 604 407 729 520 281 411 410 546
43280_right.jpg 178 368 295 501 531 377 647 498
13207_left.jpg 181 366 298 487 535 409 665 540
23856_right.jpg 608 378 759 500 296 403 413 527
22617_left.jpg 573 442 692 565 259 382 374 501
24913_left.jpg 206 356 338 489 544 403 663 526
32202_right.jpg 181 386 307 515 523 374 645 496
21594_left.jpg 560 392 691 516 259 378 371 494
10457_left.jpg 239 336 373 462 547 409 660 524
317_left.jpg 201 366 333 496 536 387 663 523
1178_right.jpg 546 349 672 470 232 396 348 516
29400_right.jpg 233 400 356 523 528 366 655 495
8264_right.jpg 558 331 696 464 235 425 349 541
14172_right.jpg 561 365 684 488 226 404 352 532
9395_right.jpg 758 213 872 338 445 286 581 429
29730_right.jpg 199 426 313 546 528 371 641 485
31549_left.jpg 141 371 281 497 509 407 627 531
11736_left.jpg 166 347 303 483 521 427 637 550
16790_right.jpg 736 335 849 457 393 370 517 492
25450_right.jpg 224 429 336 545 506 336 697 537
19986_right.jpg 591 344 723 480 269 382 393 509
24166_left.jpg 99 452 263 599 464 514 582 629
40076_left.jpg 91 375 204 493 405 393 533 526
40108_right.jpg 224 432 341 545 535 365 657 489
12311_left.jpg 89 342 220 467 425 387 568 538
14664_right.jpg 737 335 871 473 405 395 521 512
13823_right.jpg 628 366 753 494 298 407 415 531
21973_right.jpg 590 375 730 506 284 408 410 530
25567_right.jpg 203 427 308 543 539 383 650 499
11995_right.jpg 815 386 895 519 464 419 586 539
20175_left.jpg 567 386 687 508 258 374 375 498
39837_right.jpg 559 360 676 485 239 404 354 521
26078_left.jpg 31 214 136 334 369 219 500 353
14627_left.jpg 571 421 676 534 242 378 359 498
11815_right.jpg 202 430 320 554 535 383 653 501
21379_right.jpg 570 327 689 446 226 405 347 530
239_left.jpg 224 327 345 446 528 402 646 523
7835_right.jpg 178 428 332 563 513 378 631 503
23540_right.jpg 197 388 323 513 517 352 655 492
18740_right.jpg 751 314 843 438 378 385 510 513
10232_right.jpg 209 405 336 534 539 377 656 502
21283_left.jpg 544 394 669 520 235 377 350 494
9712_right.jpg 132 439 249 562 438 375 555 499
26227_right.jpg 733 317 863 447 389 388 518 523
14227_left.jpg 157 370 290 499 491 434 626 574
25851_right.jpg 187 395 311 526 540 366 657 491
8854_left.jpg 526 422 666 556 244 369 362 490
37907_left.jpg 568 430 705 572 244 389 357 504
41403_left.jpg 320 369 455 500 643 432 758 548
33066_right.jpg 583 358 743 512 234 419 352 541
28612_right.jpg 653 404 785 535 271 413 408 553
29873_left.jpg 192 380 304 491 554 419 669 540
11697_right.jpg 553 320 711 472 231 403 346 522
15052_right.jpg 593 389 725 514 299 410 416 527
39775_left.jpg 548 419 668 548 238 360 367 491
4276_left.jpg 297 385 443 525 645 415 762 537
22221_right.jpg 600 352 765 511 289 406 415 537
24657_right.jpg 89 166 169 268 541 209 641 320
18017_right.jpg 214 399 346 532 522 353 660 496
7394_right.jpg 534 385 675 521 211 402 338 529
27625_right.jpg 551 364 663 485 235 418 353 536
27148_left.jpg 181 367 307 498 555 426 669 543
39199_right.jpg 191 412 320 539 511 378 644 520
30362_left.jpg 3 326 116 461 352 379 486 519
17089_left.jpg 680 315 800 431 395 260 526 394
41886_left.jpg 536 392 667 514 239 365 355 481
21469_left.jpg 655 559 776 691 324 485 458 629
20370_left.jpg 196 375 320 504 541 423 653 540
28975_right.jpg 570 325 711 458 236 407 353 527
21399_right.jpg 221 427 337 552 524 394 658 532
43992_left.jpg 238 355 347 472 535 420 648 534
17850_left.jpg 177 380 288 493 447 423 558 536
1743_right.jpg 716 363 850 518 380 414 492 530
30414_right.jpg 590 375 717 494 249 426 374 553
32994_left.jpg 547 442 684 570 237 388 350 504
14376_left.jpg 44 388 171 522 381 392 519 534
14466_right.jpg 188 400 327 526 527 365 649 493
42417_right.jpg 170 441 293 579 539 369 654 490
4531_left.jpg 77 376 197 494 354 404 484 537
39379_left.jpg 596 391 722 519 249 381 361 496
37605_right.jpg 735 349 851 471 401 428 514 553
34999_left.jpg 566 417 674 533 239 369 364 494
23642_right.jpg 627 358 761 483 294 410 412 529
29484_right.jpg 91 437 210 566 373 400 500 525
13229_right.jpg 616 328 749 454 274 386 402 516
6765_left.jpg 42 318 157 450 403 394 532 530
26512_left.jpg 546 388 664 508 248 364 389 509
21116_left.jpg 154 345 300 485 504 419 622 537
19406_left.jpg 590 457 719 580 251 364 376 493
28393_right.jpg 584 356 711 478 237 420 349 536
25419_right.jpg 183 428 320 549 535 386 646 500
19165_right.jpg 625 364 761 508 276 384 399 511
37945_right.jpg 177 435 295 549 504 377 637 511
26616_left.jpg 773 408 880 539 414 324 535 450
28047_left.jpg 141 354 281 482 460 377 629 547
11005_left.jpg 165 317 305 446 503 382 620 499
30495_right.jpg 593 387 721 517 227 407 350 533
18432_left.jpg 174 331 296 458 530 405 653 526
17511_right.jpg 214 410 334 530 534 383 655 507
21833_left.jpg 548 407 661 530 257 373 369 488
15930_right.jpg 638 374 783 512 275 404 388 521
38545_left.jpg 203 346 356 476 566 438 679 551
18575_right.jpg 598 376 728 510 231 422 351 547
42344_right.jpg 623 322 759 474 278 422 396 542
3357_right.jpg 238 412 346 530 563 381 676 496
24281_right.jpg 191 366 317 493 539 372 655 489
31752_left.jpg 164 347 290 471 511 412 628 529
34565_right.jpg 214 413 337 539 525 349 663 491
22302_right.jpg 214 390 331 519 528 371 648 492
17037_right.jpg 550 348 679 484 248 420 366 542
27727_left.jpg 572 425 690 548 252 366 397 510
24478_right.jpg 633 323 791 480 281 378 415 514
1301_right.jpg 189 393 317 526 531 371 648 495
4552_right.jpg 535 355 663 479 250 417 362 530
6874_left.jpg 26 339 151 481 435 372 583 525
6922_right.jpg 167 416 276 538 402 388 531 518
25458_right.jpg 197 428 342 561 544 386 664 509
27573_right.jpg 207 424 326 542 518 388 638 511
4693_left.jpg 176 396 302 524 540 419 654 535
7317_left.jpg 213 315 341 443 452 362 607 525
23621_left.jpg 37 321 163 452 366 401 496 538
23606_left.jpg 28 350 142 482 379 403 519 539
28668_right.jpg 243 370 379 498 537 350 658 475
31938_left.jpg 262 381 390 509 558 426 682 553
33236_right.jpg 573 412 715 561 226 423 343 541
24847_left.jpg 163 342 286 480 496 402 612 519
36127_left.jpg 68 368 190 485 375 415 510 548
25330_right.jpg 557 362 689 499 231 422 345 535
22586_left.jpg 170 360 301 497 508 408 629 534
27153_right.jpg 199 414 303 527 548 373 657 485
20164_right.jpg 230 409 351 526 542 385 665 509
18133_left.jpg 180 346 312 477 511 412 631 533
7930_left.jpg 72 294 180 411 396 368 515 489
1986_right.jpg 711 347 831 478 370 391 499 526
454_right.jpg 207 379 325 501 526 372 642 491
43638_left.jpg 543 421 682 560 240 377 352 493
9301_left.jpg 149 314 280 443 513 373 640 504
23916_right.jpg 198 383 328 515 518 366 640 488
24999_right.jpg 6 413 130 549 341 395 460 513
4531_right.jpg 773 397 881 517 459 411 588 544
12615_left.jpg 226 388 340 501 536 413 656 534
27630_left.jpg 79 422 181 532 415 445 530 564
31981_right.jpg 577 363 696 482 245 413 363 532
42603_right.jpg 216 385 339 510 527 373 651 503
2016_right.jpg 746 321 860 448 434 397 563 529
2800_left.jpg 846 366 895 496 505 384 651 537
24743_right.jpg 619 361 761 501 291 401 409 522
6644_right.jpg 717 343 838 475 387 396 503 513
23915_right.jpg 639 349 784 490 290 408 423 534
18901_left.jpg 680 437 792 555 363 372 485 494
26944_right.jpg 187 420 318 558 537 365 654 482
11865_left.jpg 590 431 711 563 259 403 382 527
22828_right.jpg 587 420 736 558 236 420 363 546
28053_left.jpg 549 403 669 524 252 376 394 522
10579_left.jpg 701 474 796 584 397 421 517 544
10159_left.jpg 141 351 273 486 509 413 625 529
11163_right.jpg 603 330 735 455 269 380 399 514
12299_left.jpg 553 431 668 546 244 372 364 494
17373_left.jpg 145 319 294 480 528 405 650 524
19288_right.jpg 738 352 866 486 383 384 517 522
35012_right.jpg 202 390 327 519 537 371 650 488
16458_left.jpg 202 379 333 508 540 416 656 531
11526_right.jpg 220 388 331 507 542 368 660 491
29854_right.jpg 706 358 833 499 377 386 492 504
17318_left.jpg 200 313 314 431 505 388 623 506
22349_left.jpg 216 366 341 489 553 418 680 550
31273_right.jpg 209 389 341 518 538 374 650 489
21975_right.jpg 224 395 336 515 534 383 652 505
30296_left.jpg 163 366 273 485 502 405 628 534
27153_left.jpg 600 430 708 542 255 371 367 486
34143_left.jpg 177 367 307 483 523 399 656 534
40767_right.jpg 560 326 685 454 283 389 397 505
24649_right.jpg 214 407 325 525 527 368 648 491
36657_right.jpg 623 340 746 452 278 377 406 510
40647_right.jpg 176 386 287 503 526 374 642 488
14309_right.jpg 548 348 664 468 229 413 344 527
15515_right.jpg 234 388 374 516 542 369 660 491
3563_right.jpg 84 410 188 522 325 362 456 500
18363_right.jpg 735 355 860 490 360 439 486 565
29899_left.jpg 175 367 297 486 509 406 631 532
29015_left.jpg 558 416 682 541 247 366 370 498
564_right.jpg 579 376 699 508 240 417 355 533
14205_left.jpg 556 393 670 517 250 357 373 486
13125_left.jpg 562 415 685 530 158 372 299 517
1674_left.jpg 536 456 660 576 246 380 360 494
25783_right.jpg 627 358 756 482 279 418 397 537
3045_right.jpg 775 409 885 533 401 461 521 588
25958_right.jpg 90 402 220 543 426 380 546 502
23559_left.jpg 136 278 256 398 459 368 590 505
26610_left.jpg 569 411 686 545 255 355 380 478
14170_right.jpg 575 351 698 480 221 396 355 533
10592_right.jpg 218 364 319 469 514 363 657 508
31253_left.jpg 141 382 291 522 513 417 627 534
27889_right.jpg 35 453 157 574 372 367 495 499
29885_left.jpg 562 425 686 551 257 377 372 494
7861_right.jpg 595 360 739 478 287 394 406 513
3523_left.jpg 552 424 677 550 272 395 389 515
26905_right.jpg 560 360 690 495 244 406 367 528
23668_left.jpg 126 340 238 454 491 411 607 529
33734_right.jpg 213 401 346 534 548 374 665 493
11823_right.jpg 551 378 673 501 282 402 418 532
25203_left.jpg 182 293 304 416 502 387 634 525
12481_left.jpg 214 353 353 482 534 403 649 520
13665_right.jpg 209 409 337 535 525 373 643 492
30919_right.jpg 216 395 340 515 526 365 646 487
21838_right.jpg 1 425 66 545 250 370 368 487
12172_left.jpg 28 351 140 476 370 402 496 530
306_left.jpg 602 427 717 550 248 366 372 494
4428_left.jpg 141 357 282 482 511 406 628 526
8707_left.jpg 36 312 170 440 357 337 504 488
534_left.jpg 154 369 315 509 559 431 672 546
25165_right.jpg 162 225 288 357 170 233 284 348
41563_right.jpg 562 363 710 504 250 424 368 545
37383_right.jpg 221 397 343 518 534 374 653 499
36983_right.jpg 609 356 740 481 236 407 352 527
26248_right.jpg 577 380 711 513 229 404 348 524
15602_right.jpg 574 338 701 470 239 412 362 536
26315_left.jpg 79 378 199 495 394 394 508 508
20550_left.jpg 595 399 715 531 250 376 369 498
39756_left.jpg 161 397 296 527 508 410 627 531
17892_left.jpg 545 456 659 576 244 376 371 511
26477_left.jpg 49 304 184 447 383 390 509 520
6093_right.jpg 206 426 315 539 517 385 642 510
27624_left.jpg 221 352 346 479 541 402 655 518
40715_right.jpg 622 380 758 497 292 416 417 543
38196_left.jpg 570 420 691 548 249 372 362 490
44077_right.jpg 577 359 706 476 224 415 341 534
10671_right.jpg 615 387 724 508 246 422 368 545
26332_left.jpg 564 409 686 530 234 345 370 485
5396_left.jpg 124 387 250 517 488 413 613 535
36423_right.jpg 169 415 299 564 534 379 657 506
26308_right.jpg 222 408 350 517 524 369 644 493
11089_right.jpg 597 385 723 511 232 412 347 532
3113_left.jpg 218 339 324 455 531 408 669 548
39942_left.jpg 211 357 330 485 533 398 676 543
229_right.jpg 544 375 698 509 233 416 344 526
36060_right.jpg 88 347 212 470 427 323 545 443
31593_left.jpg 214 383 332 488 531 410 649 527
16360_left.jpg 8 362 124 481 356 425 473 543
30313_left.jpg 580 447 693 561 268 398 380 510
41253_left.jpg 624 440 741 562 274 398 394 515
15616_right.jpg 665 394 806 534 311 445 429 569
7971_left.jpg 555 438 675 562 249 369 373 500
12139_right.jpg 556 366 689 489 275 390 398 510
18307_right.jpg 634 372 744 501 326 411 448 537
21994_right.jpg 211 445 329 557 467 385 612 531
28668_left.jpg 527 401 648 522 247 365 372 495
19395_right.jpg 563 376 717 508 283 392 413 529
31327_right.jpg 696 292 791 408 389 378 511 507
38198_left.jpg 183 338 313 480 509 405 622 520
7352_left.jpg 52 343 166 467 407 412 524 533
18316_left.jpg 167 374 307 501 533 413 655 541
2962_left.jpg 574 380 701 505 254 372 374 495
32339_right.jpg 316 437 431 553 567 350 730 516
19075_left.jpg 561 440 673 555 248 379 364 494
22041_right.jpg 597 340 728 471 277 403 392 519
26051_right.jpg 544 347 668 480 232 410 347 529
2294_right.jpg 565 317 716 465 219 409 339 528
34543_left.jpg 511 464 640 591 205 399 352 553
10616_right.jpg 560 365 687 496 234 420 350 540
2273_right.jpg 527 385 647 495 219 408 331 522
24550_left.jpg 577 403 688 523 250 361 377 494
19200_left.jpg 559 474 682 599 235 368 348 485
28593_right.jpg 219 403 328 517 537 385 649 500
25733_left.jpg 108 338 232 463 444 407 565 529
43851_right.jpg 599 348 735 485 279 426 394 547
41020_left.jpg 185 389 304 516 512 418 639 549
8751_right.jpg 708 411 824 537 392 449 512 571
8678_left.jpg 600 442 744 571 252 375 371 497
25138_left.jpg 36 376 161 499 383 401 498 518
32307_right.jpg 707 386 837 517 372 410 503 546
15064_right.jpg 181 404 320 543 520 376 652 511
29375_right.jpg 599 372 720 492 278 413 399 539
18460_right.jpg 197 404 333 526 540 363 662 486
11529_right.jpg 199 465 335 602 541 378 685 525
32604_left.jpg 223 377 333 485 543 417 658 534
43950_left.jpg 518 445 662 578 183 389 318 529
39857_right.jpg 241 381 355 505 540 378 653 494
17101_right.jpg 580 378 702 503 246 404 393 556
7349_left.jpg 128 367 255 497 497 411 616 538
2992_right.jpg 555 352 694 501 218 419 342 547
12306_right.jpg 556 349 709 488 203 432 321 551
6259_left.jpg 217 372 351 508 555 414 690 557
4155_right.jpg 600 397 722 526 252 408 382 542
11772_left.jpg 564 419 678 543 254 379 374 504
5676_left.jpg 139 349 262 482 483 409 604 535
23289_right.jpg 191 411 317 544 542 381 654 502
2453_right.jpg 727 348 837 469 386 401 518 536
29703_left.jpg 632 305 751 428 330 294 462 432
973_left.jpg 129 395 241 511 489 416 603 532
21864_right.jpg 643 404 766 530 283 418 403 542
23411_right.jpg 228 380 351 504 555 368 669 483
24656_left.jpg 173 374 297 488 537 412 663 542
22550_right.jpg 634 357 748 481 281 404 406 528
18780_right.jpg 604 413 723 534 288 412 399 526
36579_right.jpg 774 385 889 513 396 403 510 518
28581_left.jpg 146 317 274 447 492 376 628 514
38579_left.jpg 267 332 399 440 541 423 663 559
34822_left.jpg 41 364 150 478 196 421 314 540
29156_left.jpg 66 325 183 450 405 382 520 495
25185_left.jpg 572 427 700 551 261 381 375 497
22540_left.jpg 182 361 313 493 520 409 652 542
22218_left.jpg 131 379 259 510 504 413 633 543
32538_left.jpg 640 443 756 563 364 394 484 514
25562_right.jpg 172 413 289 540 526 367 649 491
1663_right.jpg 593 380 727 501 235 416 356 538
29742_right.jpg 567 376 702 506 233 426 355 550
2260_right.jpg 829 303 895 428 484 356 618 500
29803_left.jpg 599 393 713 516 263 373 376 492
12824_right.jpg 198 422 319 557 535 370 653 494
24681_right.jpg 207 429 338 562 528 381 649 504
18438_right.jpg 577 333 694 455 237 420 351 537
18420_right.jpg 733 380 846 504 395 405 512 522
31108_right.jpg 605 360 733 478 283 387 396 502
20026_right.jpg 166 418 295 557 506 318 645 470
41415_right.jpg 198 421 315 541 536 392 654 511
4841_left.jpg 545 421 673 555 236 378 356 504
5651_left.jpg 219 342 357 474 543 417 657 534
2407_left.jpg 186 370 313 494 540 289 687 440
9_left.jpg 298 350 434 481 646 409 770 537
22020_right.jpg 199 392 324 519 537 372 650 488
34262_right.jpg 630 365 747 494 297 406 414 526
29238_right.jpg 195 383 302 499 514 359 653 498
7249_left.jpg 223 392 332 506 541 407 682 559
29549_right.jpg 722 382 860 512 364 392 501 533
2802_right.jpg 604 371 743 509 269 384 390 500
7074_left.jpg 201 365 317 488 539 400 668 528
11425_right.jpg 616 304 761 446 275 392 397 514
31718_left.jpg 207 360 331 478 542 407 659 528
23148_left.jpg 205 320 336 448 521 400 654 537
17483_left.jpg 568 416 684 553 251 369 369 490
34104_right.jpg 589 345 706 458 232 419 356 542
1413_left.jpg 45 312 142 424 365 372 497 513
1030_right.jpg 582 349 695 469 246 407 357 521
29450_left.jpg 531 391 642 509 232 360 366 494
21431_left.jpg 567 391 679 519 252 356 377 486
6916_right.jpg 220 450 353 575 543 400 658 518
33388_right.jpg 615 337 745 470 279 421 406 549
42448_left.jpg 570 402 698 520 266 368 398 502
1043_left.jpg 185 325 319 472 550 411 662 524
28446_right.jpg 568 360 693 484 230 414 350 533
43831_right.jpg 628 361 763 486 273 374 395 502
27050_right.jpg 208 374 324 493 527 375 643 495
14964_right.jpg 201 387 321 506 538 380 656 503
22293_left.jpg 385 55 492 171 296 689 411 816
12480_left.jpg 168 340 297 465 519 408 642 533
15708_left.jpg 78 358 195 479 389 394 515 522
21903_left.jpg 567 433 684 557 239 393 352 509
22154_left.jpg 54 314 177 440 376 390 504 521
35931_right.jpg 195 404 320 525 522 385 648 514
17476_left.jpg 718 300 851 434 404 234 548 375
10788_right.jpg 54 463 164 578 312 438 440 569
1752_right.jpg 211 412 323 531 530 376 647 500
24792_right.jpg 717 323 835 460 385 388 511 514
2233_right.jpg 233 383 356 509 532 364 653 487
11790_right.jpg 71 312 177 428 377 286 491 401
5652_left.jpg 547 430 666 556 245 349 381 491
20189_left.jpg 209 334 321 451 543 403 655 519
25482_left.jpg 200 375 338 510 554 405 678 530
24287_right.jpg 188 374 331 512 478 378 605 503
26294_right.jpg 229 402 338 509 535 372 648 488
30755_left.jpg 717 391 834 519 390 332 519 468
21911_right.jpg 655 387 778 501 366 426 477 542
29797_right.jpg 206 385 325 505 539 363 656 482
30925_right.jpg 584 339 729 475 251 384 389 525
6465_right.jpg 558 368 679 477 222 406 348 536
12942_right.jpg 657 706 752 817 648 708 761 845
27893_left.jpg 667 374 785 496 366 344 489 476
2249_right.jpg 625 325 753 455 282 410 402 528
26615_right.jpg 576 377 691 499 230 417 345 530
19441_right.jpg 201 373 325 498 543 380 664 504
18382_right.jpg 692 308 832 444 347 324 471 449
19770_left.jpg 129 337 273 477 486 393 616 524
7846_right.jpg 585 348 726 487 235 396 353 520
41499_right.jpg 693 372 829 516 398 421 533 553
1077_right.jpg 622 372 763 504 307 427 423 546
10454_left.jpg 479 376 605 490 834 367 895 502
8404_right.jpg 546 354 677 474 229 399 356 531
26512_right.jpg 247 424 359 532 536 374 669 511
10128_right.jpg 570 357 706 489 233 432 356 558
1933_left.jpg 530 162 645 277 533 164 649 288
33889_right.jpg 582 361 693 484 237 424 348 540
32015_left.jpg 698 443 798 557 365 373 493 506
25461_right.jpg 742 308 865 445 393 392 511 506
43864_right.jpg 213 396 354 521 534 379 651 499
23880_left.jpg 556 416 684 541 236 379 362 507
29740_right.jpg 591 359 731 494 237 420 351 537
25531_right.jpg 738 325 871 466 385 387 508 507
23306_right.jpg 237 425 332 532 531 392 642 504
20724_left.jpg 150 356 286 488 450 376 604 537
30395_right.jpg 594 354 717 482 234 425 358 554
19193_right.jpg 585 362 711 482 232 425 345 541
25303_right.jpg 194 408 321 541 536 379 650 496
4374_right.jpg 724 353 842 472 388 399 518 534
21850_left.jpg 526 405 661 538 252 375 372 499
35124_right.jpg 624 337 760 468 290 404 416 534
658_right.jpg 626 360 757 477 312 417 428 535
24875_right.jpg 544 364 679 500 223 416 343 534
33775_left.jpg 40 343 171 478 382 393 503 514
40657_left.jpg 590 317 712 446 254 269 399 423
14228_left.jpg 603 461 724 586 341 402 464 533
28947_left.jpg 60 328 180 458 398 378 519 504
9944_left.jpg 142 417 277 550 493 432 609 547
10986_right.jpg 616 333 744 465 302 423 420 545
16038_left.jpg 3 323 124 452 361 371 496 512
32445_left.jpg 189 348 314 468 535 407 652 525
13704_left.jpg 147 385 262 498 444 423 576 553
42296_left.jpg 36 310 142 429 390 354 531 485
27407_left.jpg 50 366 176 485 377 417 503 542
15793_left.jpg 218 400 345 514 546 409 659 526
32868_right.jpg 763 336 878 466 389 390 514 521
14614_right.jpg 177 414 292 544 532 386 649 504
33658_right.jpg 528 349 674 485 226 411 338 524
35611_right.jpg 577 396 689 509 257 432 371 550
21888_right.jpg 631 287 801 472 262 384 380 503
10177_left.jpg 574 403 696 540 253 385 370 504
533_left.jpg 552 406 675 536 224 400 373 546
18172_left.jpg 197 345 312 466 533 406 648 521
28469_left.jpg 193 372 314 493 537 417 656 533
21164_left.jpg 70 398 187 521 377 346 501 472
1159_left.jpg 50 321 170 455 385 399 504 524
26396_left.jpg 111 301 235 422 426 278 544 398
16412_right.jpg 207 369 336 502 533 374 655 501
31635_left.jpg 684 375 796 492 359 330 496 465
29865_left.jpg 15 350 139 487 378 395 498 515
30378_right.jpg 767 309 884 434 392 392 505 513
7349_right.jpg 671 391 788 520 287 409 408 531
33168_left.jpg 146 319 284 455 500 386 625 509
24402_left.jpg 554 407 681 532 244 377 360 498
1552_left.jpg 190 336 322 453 521 403 637 521
1145_right.jpg 205 420 338 552 532 375 647 493
31323_left.jpg 700 532 800 647 417 500 575 665
23454_left.jpg 192 359 342 509 544 416 662 538
42207_left.jpg 147 364 267 492 514 405 640 529
14891_left.jpg 586 438 704 570 268 392 389 520
24625_left.jpg 52 309 193 439 401 381 545 527
5142_right.jpg 710 340 830 468 381 407 516 553
26564_right.jpg 199 401 327 517 543 376 656 492
26737_left.jpg 136 282 272 416 483 386 641 543
32124_left.jpg 93 333 220 463 433 411 554 532
36251_right.jpg 192 402 310 529 517 375 632 491
30290_right.jpg 565 368 677 489 234 419 354 543
16280_left.jpg 684 491 809 624 421 456 554 590
27130_right.jpg 204 426 319 549 527 369 657 505
2047_right.jpg 578 342 710 477 236 422 350 540
19395_left.jpg 186 379 353 517 503 398 638 542
19421_right.jpg 208 404 325 527 532 370 648 490
29464_left.jpg 162 408 293 535 495 417 614 538
19761_right.jpg 64 353 180 474 382 302 496 418
26802_left.jpg 201 371 325 491 433 381 564 516
13209_left.jpg 546 449 665 574 240 361 369 485
19925_left.jpg 188 332 323 460 535 410 651 525
7565_right.jpg 641 361 764 493 292 404 409 527
15112_right.jpg 590 323 706 443 227 408 351 537
12911_left.jpg 562 341 685 476 239 346 377 492
23590_left.jpg 197 363 317 488 539 416 656 529
27087_right.jpg 222 418 335 534 539 367 654 483
14245_left.jpg 177 343 302 466 495 377 629 516
22903_right.jpg 178 406 313 531 535 376 651 495
41506_right.jpg 426 371 569 499 136 414 254 533
21446_left.jpg 131 340 273 482 504 398 630 525
25449_right.jpg 160 433 278 551 530 380 643 495
31055_left.jpg 564 390 695 516 241 367 359 487
21043_right.jpg 694 370 848 505 348 411 477 543
28593_left.jpg 594 437 698 552 269 375 387 493
3725_left.jpg 592 453 698 576 252 373 365 492
40138_left.jpg 1 385 111 504 330 413 446 532
11291_left.jpg 552 404 703 564 247 375 366 495
7384_right.jpg 597 346 728 474 229 408 354 540
21250_left.jpg 59 349 169 471 390 413 509 531
32092_left.jpg 532 415 658 543 238 379 355 498
2422_left.jpg 201 378 320 499 539 424 654 539
20019_right.jpg 759 380 893 528 426 420 549 542
3425_right.jpg 600 405 741 526 283 427 415 562
26806_right.jpg 568 388 704 513 235 425 354 546
35073_right.jpg 209 384 332 514 534 364 657 488
2767_left.jpg 534 192 637 304 285 224 419 387
1632_right.jpg 577 373 689 492 240 407 369 538
39756_right.jpg 623 348 763 473 304 405 421 527
16832_right.jpg 554 410 684 539 248 433 366 550
36175_right.jpg 52 389 175 518 383 347 510 473
25751_left.jpg 756 449 854 571 418 404 537 533
37493_right.jpg 230 391 357 520 530 372 646 492
6088_left.jpg 198 323 327 452 526 389 655 517
18450_left.jpg 568 430 717 567 263 299 421 471
30265_right.jpg 195 392 302 520 534 370 653 486
22392_left.jpg 199 384 343 516 475 409 621 560
27113_right.jpg 201 383 323 502 530 369 650 490
21430_right.jpg 216 369 340 486 541 364 657 485
6644_left.jpg 51 325 174 459 381 392 504 514
28919_left.jpg 193 379 315 502 545 403 661 523
15638_left.jpg 63 330 184 458 390 387 514 518
28631_right.jpg 97 440 203 559 398 397 513 516
20508_left.jpg 29 327 155 454 393 391 522 521
33323_left.jpg 565 408 678 536 224 372 364 519
33163_right.jpg 590 304 712 432 248 399 362 517
6397_right.jpg 642 368 767 491 284 416 403 536
20169_right.jpg 629 337 757 461 314 376 435 503
6321_right.jpg 192 385 309 510 496 362 639 510
23507_right.jpg 616 391 761 525 284 426 403 544
1008_right.jpg 724 383 830 507 405 369 530 498
7531_right.jpg 639 374 773 515 287 408 407 533
22228_left.jpg 135 368 275 500 490 428 606 547
20384_left.jpg 601 451 719 574 246 379 376 511
2732_right.jpg 533 147 740 277 584 150 711 281
20236_right.jpg 220 405 330 512 531 371 646 493
34863_left.jpg 211 359 349 487 551 412 680 539
33075_right.jpg 595 341 737 471 276 372 393 491
